version https://git-lfs.github.com/spec/v1
oid sha256:43d3ffac1e4922de3b6cf8c15726d6288478292bf107eb9c8e740126284267f1
size 2988
